4
519
8
10
12
770
530
534
535
536
537
539
543
33
35
548
551
553
42
45
558
605
560
561
563
566
803
570
59
61
62
575
66
69
586
587
588
592
596
954
94
610
611
102
614
103
737
110
624
625
116
630
633
123
636
277
128
641
642
131
644
646
648
997
651
141
142
143
657
146
150
25
153
156
671
160
112
164
679
685
686
74
181
695
23
697
187
700
191
704
288
195
196
716
206
207
722
211
462
217
730
733
223
736
945
739
806
231
232
747
749
240
243
757
246
763
253
213
257
258
262
775
776
268
898
272
273
787
46
794
559
798
287
800
291
805
294
295
811
812
301
302
815
818
822
823
312
313
826
320
321
323
54
327
331
846
847
849
338
852
341
344
858
347
349
350
863
354
867
357
359
361
874
880
881
884
887
888
63
893
382
383
897
386
387
390
903
392
911
400
917
918
409
922
520
413
325
832
417
931
932
421
668
942
944
433
948
949
441
442
955
956
957
245
799
450
451
452
454
455
973
974
463
979
468
473
987
988
478
994
485
486
487
489
167
502
503
505
506
255
508
509
511
